sprite131,168,0,27,36
sprite132,56,2,27,31
sprite133,427,5,13,27
sprite134,268,7,25,24
sprite135,326,8,15,24
sprite136,224,10,20,26
sprite137,372,12,19,24
sprite138,15,14,20,22
sprite139,104,14,31,22
sprite140,464,20,34,16
sprite141,147,31,1,1
sprite142,149,31,1,2
sprite143,146,34,1,1
sprite144,110,41,27,30
sprite145,2,42,46,30
sprite146,66,42,34,31
sprite147,168,42,19,32
sprite148,427,42,13,30
sprite149,327,44,14,24
sprite150,266,46,27,25
sprite151,206,51,48,23
sprite152,373,52,22,22
sprite153,468,57,30,17
sprite154,110,78,27,31
sprite155,16,79,23,31
sprite156,427,81,13,27
sprite157,327,82,15,24
sprite158,66,83,16,26
sprite159,266,83,26,26
sprite160,168,86,18,26
sprite161,295,90,7,8
sprite162,207,93,31,19
sprite163,375,94,18,18
sprite164,474,95,22,17
sprite165,1,114,34,36
sprite166,110,115,28,31
sprite167,327,117,14,34
sprite168,54,120,31,30
sprite169,265,121,34,26
sprite170,425,122,20,28
sprite171,168,123,18,27
sprite172,474,125,18,25
sprite173,204,130,34,20
sprite174,378,133,15,17
sprite175,35,137,14,12
sprite176,93,142,7,8
sprite177,117,152,34,36
sprite178,327,155,14,34
sprite179,166,161,20,27
sprite180,424,161,20,27
sprite181,270,162,21,26
sprite182,474,162,18,26
sprite183,7,166,27,22
sprite184,59,168,25,20
sprite185,204,168,34,20
sprite186,375,170,18,18
sprite187,375,191,17,31
sprite188,326,193,15,34
sprite189,10,197,37,29
sprite190,472,197,19,29
sprite191,172,200,20,26
sprite192,220,200,20,26
sprite193,270,201,18,25
sprite194,424,201,20,25
sprite195,104,204,31,22
sprite196,53,205,32,21
sprite197,375,230,17,30
sprite198,327,231,14,34
sprite199,467,235,24,29
sprite200,425,236,23,28
sprite201,167,238,24,26
sprite202,15,239,22,25
sprite203,116,239,24,25
sprite204,219,239,23,25
sprite205,271,239,17,25
sprite206,68,240,24,24
sprite207,323,273,23,29
sprite208,467,273,24,29
sprite209,218,274,24,23
sprite210,420,274,24,28
sprite211,171,275,23,25
sprite212,14,276,24,26
sprite213,62,276,28,26
sprite214,117,276,29,26
sprite215,270,278,27,24
sprite216,373,278,21,24
sprite217,91,283,7,8
sprite218,225,310,16,29
sprite219,276,311,15,26
sprite220,324,311,22,29
sprite221,472,311,19,29
sprite222,421,313,23,27
sprite223,15,316,27,24
sprite224,64,316,29,24
sprite225,117,316,27,24
sprite226,166,316,29,24
sprite227,374,316,19,24
sprite228,108,345,29,30
sprite229,18,349,22,29
sprite230,472,352,20,26
sprite231,421,353,23,25
sprite232,271,354,21,24
sprite233,323,354,19,24
sprite234,372,354,19,24
sprite235,168,356,19,22
sprite236,67,357,19,21
sprite237,221,357,17,21
sprite238,67,386,17,30
sprite239,117,386,19,30
sprite240,14,387,19,29
sprite241,370,387,20,29
sprite242,264,388,25,28
sprite243,315,388,25,28
sprite244,421,388,27,28
sprite245,163,389,23,27
sprite246,214,389,23,27
sprite247,475,391,17,25
sprite248,475,421,17,31
sprite249,376,422,13,30
sprite250,320,423,21,23
sprite251,272,425,19,27
sprite252,421,427,23,27
sprite253,117,428,19,26
sprite254,67,429,21,25
sprite255,17,430,18,24
sprite256,168,430,20,24
sprite257,219,432,20,22
sprite258,475,458,17,32
sprite259,273,463,15,21
sprite260,67,465,20,27
sprite261,320,466,24,17
sprite262,377,466,18,21
sprite263,14,467,22,25
sprite264,118,467,20,25
sprite265,419,469,26,17
sprite266,158,477,34,15
sprite267,209,477,34,15
sprite268,15,503,18,26